464
479
1003
1015
1019
1021
1036
1040
1041
1051
1058
1075
1091
1095
1107
1158
1162
1171
1177
1198
1223
1224
1777
1791
1798
1808
1822
1838
1848
3
15
27
43
48
100
113
130
131
1240
1473
1475
1483
1485
1487
1646
1648
302
303
307
309
316
318
319
324
326
327
1723
1736
1744
1747
1758
1760
1763
1661
1712
2005
2013
2025
2028
2035
2036
2049
2057
2061
2065
2067
2071
151
170
176
184
187
192
199
208
211
223
239
251
265
271
275
278
2600_27318
2600_27665
2600_27714
2600_54936
2640_97014
2640_97129
2640_97135
2640_97137
1279
1289
1303
1307
1311
1534
1550
1905
1921
1966
1971
1992
1995
1601
1604
1607
1613
1615
1616
1617
1621
347
358
361
364
379
382
432
450
1319
1324
1330
1331
1332
1341
1343
1350
1361
1362
1379
1392
1410
1411
1424
1425
1433
1457
1470
1471
1512
x242002
x242006
x242007
x242008
x242024
x242025
x242035
x242036